-0.00349758
0.00133499
0.00514429
31.65877486
37.26217352
39.74207303
40.62747841
48.01811150
51.36590400
51.93886293
53.34139495
55.93712387
59.06005491
59.86016883
69.97644052
77.14520581
83.94944176
84.34900454
92.77472393
98.82574152
102.66031929
105.80832744
110.40247142
121.92628023
124.72812519
130.87727436
167.54257717
181.45605646
182.49149026
189.20601081
191.97533835
197.53697566
223.19791218
224.74482537
233.28191979
238.50626258
238.78066320
242.87831257
249.96466570
256.49447992
414.28174103
414.61010978
414.82704029
415.96861185
433.57505470
437.93672102
440.54987378
444.38737450
447.37471852
447.71113176
448.09512415
450.49433647
461.75862405
461.97896121
467.86804577
469.87353562
494.60113115
494.83099316
496.45880276
497.32134274
538.96849601
539.46985912
539.56941490
540.01349191
550.46463121
553.35508757
554.62165902
556.51699127
617.30779626
617.54365170
620.92542962
622.76897925
637.07098365
637.36111613
637.84530551
639.03046266
648.19167646
650.32845906
650.89063778
652.71719799
735.85900482
740.31657666
740.66152289
741.72878450
743.12146267
751.12839945
755.28526418
756.83627221
777.06014152
787.40574354
790.48958425
791.35950414
795.39167015
795.45867309
798.12947017
798.32465198
815.81966589
817.35163881
818.22645876
819.19434958
832.78785244
834.18387164
835.94300515
837.44167705
862.80280417
866.46842989
877.08520701
880.27669797
889.23832463
894.53433674
901.20919855
907.31127686
940.09984148
940.18658815
940.92711459
941.71706453
957.02191423
961.22625482
963.79618337
964.14758570
965.28281766
967.55666388
970.32849936
972.85959653
984.76417628
985.41496499
989.54150744
991.83361342
996.02665791
996.89371296
997.33274222
999.14738242
1019.77126252
1020.30677558
1021.41509179
1021.48386729
1039.76345734
1041.95405311
1043.44686838
1044.43853252
1080.86895552
1081.27457129
1082.80879740
1084.24900796
1133.09206822
1133.75519499
1134.33078542
1136.31662660
1151.16534403
1152.37294795
1156.34023278
1156.70753323
1164.17218406
1164.45502349
1168.22849036
1169.05532110
1198.60890418
1199.52231187
1200.76676313
1201.95572163
1202.56350543
1202.72145229
1203.35475472
1203.76371799
1206.68679909
1207.16166538
1207.24788232
1207.65939310
1228.55506793
1230.22960993
1230.89919807
1231.44780411
1246.51058418
1248.24333205
1248.70032248
1249.39650816
1272.34693923
1273.21570908
1275.55452885
1276.21079805
1361.37379631
1362.11873405
1364.00798487
1366.35461323
1367.55478083
1368.29853005
1368.97613566
1369.33558082
1406.48267522
1411.51915690
1412.07291574
1412.38863452
1413.03976575
1413.41914539
1414.42517403
1415.69978788
1421.90714145
1426.05045363
1427.80971596
1430.65305152
1437.37343988
1438.52279848
1441.35229229
1445.81570026
1460.12948275
1460.91831287
1461.81339901
1461.88812018
1490.21713159
1490.35779214
1491.06904847
1493.32693028
1583.72864013
1583.96238906
1584.44787946
1584.98522228
1585.86402889
1586.05974880
1587.23291827
1587.42492481
1604.68829388
1604.86558471
1605.40443819
1605.55325821
2968.76284298
2968.89271684
2969.97507694
2970.26682168
2973.62929144
2973.68704247
2976.09356319
2976.29071196
3002.40057609
3002.61277560
3004.00435686
3004.25140836
3015.77283044
3016.22246601
3017.70999565
3018.40016213
3095.85017732
3095.93906646
3096.12449723
3096.23360143
3098.85761378
3099.07953671
3099.26110814
3099.38653452
3110.75145801
3110.78472852
3111.23118703
3111.31812479
3112.73134543
3113.05484843
3113.26919603
3113.79493853
3116.80795483
3117.37571263
3117.79095239
3118.58355274
3120.45900652
3120.50659083
3121.56537355
3121.71900275
