-0.00539968
-0.00270442
0.00465276
48.42024471
49.56842872
53.84514881
54.24763997
60.48670191
61.53449872
64.31205527
64.51168147
67.51758253
76.14375623
77.88706793
79.73332840
80.82215461
85.30508156
85.76390464
88.91088306
90.94945218
94.68763558
99.91571212
100.17534309
101.96621261
104.10027161
104.90882193
106.84581905
108.96605519
114.97971698
120.35119316
126.03577403
127.61699741
129.57658923
131.30644116
132.83423178
133.90918318
134.58689596
136.34786467
140.24791123
143.04935071
144.65804921
147.75069114
147.91298475
148.93104469
168.72315260
170.59904941
173.80687790
175.95463680
272.35474343
272.42556395
273.05195593
274.19761086
284.94705567
286.14051709
286.97427890
287.70349081
319.85268184
320.15937331
320.21771510
320.55944744
383.69324063
383.94655715
388.04539994
389.98787285
427.98044851
428.21855965
430.12586556
430.27328668
433.69334535
434.96854703
435.51308557
436.16230371
507.83628238
507.87302227
508.43667143
509.80311948
535.93818743
536.26330862
538.10422712
539.26256340
547.14417689
547.34304025
558.55611376
561.62560436
582.31399094
582.88674367
587.24796501
587.96970747
633.88795492
636.04322057
638.87008444
640.66465508
657.50926455
658.76132728
662.56009950
662.82502825
697.30631001
697.97523544
697.98274893
698.80888622
742.40298656
744.18842016
747.85227900
748.93531731
773.01783406
776.57427949
787.70334016
790.31067466
796.20775989
797.17129063
797.54970012
799.63505447
822.93652426
826.83836090
828.36702075
829.76665115
877.62749089
879.58096249
881.11954800
883.23578970
906.17339698
907.79915975
908.63601606
909.88772551
966.87851263
968.74962583
969.62067599
971.23613491
990.27355854
990.51474497
991.14147295
991.25912653
997.10952028
999.34995217
1000.14199380
1000.47933256
1008.35755789
1011.44009744
1013.69086604
1013.73948610
1014.15558209
1014.51247480
1032.88599806
1033.67086768
1035.05448498
1037.13240077
1040.11611077
1045.97112868
1080.14857451
1081.84330744
1084.31605480
1086.39704327
1127.54184400
1128.76574622
1129.10159128
1130.28998734
1138.93019617
1139.13879375
1145.42333641
1148.11735608
1151.60434740
1154.60070523
1160.82214052
1161.33515174
1199.26800412
1204.45985689
1204.88319573
1206.10777615
1244.45815801
1244.74763895
1245.08490050
1247.28184255
1290.91577015
1295.94485337
1302.68081941
1312.13232345
1336.12385847
1339.85485726
1343.11089787
1344.70662452
1345.13602182
1345.31612255
1345.53109457
1345.88637098
1411.70483937
1413.71291886
1416.41728992
1419.08687069
1423.41899119
1424.05233327
1425.90029886
1426.79885328
1428.07727933
1429.38776194
1433.42866531
1434.79130584
1454.01292821
1456.85321926
1463.48156026
1463.60553403
1467.45349640
1469.88762548
1470.78793872
1472.61627815
1560.69597208
1560.88067146
1561.33075494
1562.56213923
1586.68962772
1587.88312293
1592.49560850
1593.86848509
1593.97533283
1595.63788356
1636.30993286
1639.75057448
1718.32396333
1718.60682135
1720.74333142
1730.25234231
2615.95677357
2616.87158516
2725.65319185
2731.96624425
2986.00739492
2986.07992834
2986.66746418
2987.28029691
3058.52343775
3058.54304248
3059.21279676
3059.28654698
3102.42684060
3102.73642926
3103.61731221
3103.82105280
3120.31593124
3120.44076031
3120.54054997
3120.69091505
3130.36718414
3130.47722393
3130.61686802
3130.69070351
3140.47853952
3140.50797962
3141.15809493
3141.23744316
3149.42554885
3149.51060184
3150.49786995
3150.60852094
