-0.06357300
-0.05168000
-0.03669100
47.07801400
50.25363300
55.15247600
71.82440000
82.91562200
90.91028800
109.60478900
116.19374400
132.13720100
133.24033500
144.78586600
171.07337500
172.51631300
233.81240600
234.54203600
243.43800100
246.06986100
288.10496900
291.27031700
378.18261200
382.49926300
384.03601200
385.86144100
390.78193300
393.00093900
461.92174000
471.40913300
473.56518400
476.09751200
492.89966300
498.24061400
517.08291700
517.69108200
582.82807900
584.67105500
599.17031600
599.66389900
618.19285900
620.46723200
648.19961600
648.69522800
712.54552700
730.02566500
744.95052800
745.15432700
746.84544800
746.92749700
754.42153500
755.87693300
771.54781500
776.01338800
808.19016900
809.69672100
838.38048600
844.23996000
856.03932900
860.06084200
876.17764100
879.64942400
894.87904200
895.52009900
901.20324200
903.40727000
905.45176300
907.72277500
946.34729300
950.24506500
950.93842100
951.71123400
975.14344000
976.17838500
977.57134400
980.68128400
1005.38842400
1008.55893400
1010.01756900
1011.81384100
1097.95300400
1098.98933700
1133.44019200
1136.94149400
1141.09190700
1143.27424800
1151.45289100
1159.14967100
1164.65978000
1165.24139700
1180.09995200
1181.07225500
1259.85254400
1260.80132300
1261.40919300
1261.92376500
1266.65165400
1270.63552100
1303.69826200
1305.20475500
1370.04852100
1373.06749200
1374.33767900
1374.55763200
1393.46854000
1394.13621100
1402.50081300
1402.60185600
1438.97090800
1441.47217900
1445.60087800
1447.68918300
1477.14821600
1478.86596300
1532.86601100
1533.51922100
1543.75995100
1547.09944400
1570.95267100
1571.44770800
1613.90364300
1614.72460700
1615.16330800
1615.78724000
3095.00399200
3095.27188800
3095.38808700
3095.65190300
3096.29989600
3096.97145800
3099.95007900
3100.13443200
3105.41783600
3105.82525000
3105.87329500
3105.97474500
3114.66840800
3114.83727700
3114.97273700
3115.59556900
3122.21388000
3122.68498900
3122.82319400
3123.14723200
