-0.05965600
-0.04246300
-0.04246300
27.94524500
30.80371300
30.80371300
32.78487500
45.32597300
45.32597300
46.39021300
49.06266200
52.14021400
52.14021400
66.00441300
66.99596100
66.99596100
76.61216400
78.27452300
78.27452300
84.90035200
84.90035200
89.63543300
89.63543300
89.69204000
89.92004600
103.13298800
103.13298800
134.30945900
135.28195900
135.28195900
145.42701300
145.42701300
147.46436200
154.58532600
154.58532600
160.00998800
163.17683600
163.44187400
163.44187400
267.43382100
267.43382100
270.52000200
270.52000200
271.07452000
271.07644200
317.47900700
320.96142900
320.96142900
394.01046300
394.29727700
396.67410100
396.67410100
400.69938800
400.69938800
418.52919300
418.73824000
418.73824000
422.19623600
423.02193400
423.02193400
456.35977700
456.35977700
456.94981400
464.27306800
464.27306800
470.06290600
607.26183400
607.26369000
607.26369000
607.85577200
608.42162800
608.42162800
632.94945800
632.94945800
633.03422500
680.16682700
680.16682700
682.97712400
684.87321200
684.87321200
685.37530800
690.02270300
690.02270300
694.05996000
712.78512700
713.13957700
713.13957700
718.87192000
718.87192000
720.19143800
791.59206300
791.59206300
792.50031100
794.77740500
794.77740500
795.68284900
835.50058500
839.31993800
841.56685800
841.56685800
845.64031300
845.64031300
863.59943900
867.86267100
867.86267100
938.35089900
938.35089900
941.52975400
941.52975400
948.85913300
949.85364700
971.57610100
975.17312400
976.05968100
976.05968100
979.22201900
979.22201900
986.76701300
986.76701300
987.67984600
988.00530600
988.59511400
988.59511400
1005.84568900
1006.70033800
1006.70033800
1007.22432200
1008.25204500
1008.25204500
1013.87112000
1015.03031700
1015.03031700
1019.36705600
1019.36705600
1020.79539200
1039.42522400
1040.00256300
1040.00256300
1080.34295500
1080.34295500
1081.80360000
1084.48046900
1084.55246700
1084.55246700
1145.75610200
1154.75579500
1154.75579500
1158.13416900
1158.13416900
1159.36804100
1159.86324400
1160.17599800
1160.17599800
1166.01228000
1170.23311100
1170.23311100
1210.37779900
1211.57736400
1211.57736400
1286.78806200
1289.17638400
1289.17638400
1302.15003600
1302.15003600
1304.62983000
1314.50944800
1314.50944800
1316.34911700
1353.42041600
1353.42041600
1354.78734200
1355.02690400
1355.53712100
1355.53712100
1436.11833000
1437.86267500
1437.86267500
1440.29451100
1441.05543000
1441.05543000
1474.20401800
1474.38891200
1474.38891200
1476.74254400
1476.74254400
1476.93461100
1563.71933700
1563.71933700
1564.39086100
1564.52042400
1564.71765600
1564.71765600
1581.17974800
1581.17974800
1582.99267000
1582.99267000
1583.79072600
1584.72787800
1620.76463900
1625.28832700
1625.28832700
1625.68423000
1633.27326600
1633.27326600
3105.28454500
3105.28454500
3105.40221000
3105.40221000
3105.49548300
3105.83242300
3110.99956700
3111.48630500
3111.54370900
3111.54370900
3111.87198600
3111.87198600
3119.75635300
3119.77484900
3119.77484900
3119.83486100
3119.83486100
3119.99711000
3125.18122000
3125.30712100
3125.30712100
3125.64214500
3125.64214500
3125.78434800
3133.88061100
3133.88061100
3134.04590500
3134.76140600
3134.76140600
3134.87285900
