-0.06819200
-0.05540100
-0.03914200
59.35800400
59.67161200
61.43193300
63.78753300
65.90234800
69.64199300
70.56189300
73.25065000
75.89937400
86.64852700
89.83457900
92.31440900
95.57288300
98.18108300
98.38388000
98.59336300
102.19519500
102.79738200
110.79695700
136.89094400
138.99625000
398.44547600
398.79112200
400.77953600
400.95502900
403.52248600
407.20230000
417.73663100
417.97974300
600.45688600
600.99810600
601.04741700
601.40050200
602.10774800
603.22528700
604.26469300
606.28726600
668.27619700
670.52402700
698.62652500
698.86987500
705.13724600
705.52148000
710.30074600
711.29996600
842.99982100
846.02505700
846.08718300
849.38848200
855.76246500
860.43656000
869.30831400
869.50485400
964.95390500
967.68337800
968.25282400
970.10514800
972.76972700
973.79532300
981.43075700
981.68866800
989.70678400
991.25067300
991.40600900
991.88333100
992.86908600
994.40997400
994.51221200
995.14682500
995.57614400
999.28223500
1008.01412600
1011.22816900
1029.46940200
1031.29330600
1031.30929100
1031.78161900
1033.73367000
1035.14055300
1035.20650700
1036.79595600
1135.00370600
1137.91453100
1141.85025000
1145.12373500
1155.20206700
1160.54505700
1161.26181600
1162.36108600
1163.95231500
1164.05670600
1165.68919900
1170.99191400
1334.01055200
1335.31782100
1335.54870900
1336.66287200
1337.23951400
1337.89507700
1338.42070700
1339.33882900
1461.01218900
1463.80389500
1464.76164300
1465.22082500
1465.51728700
1467.36561700
1469.76934700
1470.74907700
1582.78882300
1582.80729000
1582.82269600
1584.23725200
1584.25088700
1584.63027600
1585.32605400
1586.25689600
3095.64502500
3095.88147100
3097.26024200
3097.63159000
3100.27690200
3100.79887500
3101.21127700
3101.63747900
3107.29374300
3107.67877800
3107.94348200
3108.79825100
3111.43390700
3111.68353400
3112.52174500
3113.32041200
3121.84187000
3122.09921300
3122.59882700
3122.87889400
3124.39367100
3125.85569500
3126.57517000
3126.91779800
