-0.06148600
-0.05022300
-0.03414000
34.34684400
34.65334700
43.38890000
46.14723500
47.29880400
50.36702700
57.41311600
61.44840200
65.82856100
69.34254100
71.53618400
73.04110200
79.60986300
79.71099100
84.45825900
89.46083400
92.44496900
98.24628000
101.98383200
102.81343300
105.19814400
105.45571200
107.15998700
112.03649300
113.20647400
114.50798900
115.11542800
115.65926300
119.16697000
129.02591600
129.89769300
133.27187800
134.93856900
141.36389900
144.18123100
157.58804900
163.10664800
166.32383500
169.52667900
174.88496200
175.64444300
177.45205800
181.35794500
191.12213400
193.30813200
242.67003900
244.58074400
254.60376300
256.56188700
267.55530400
273.64132100
274.01131300
278.48041400
325.28366000
325.52873500
326.86500800
327.02020600
331.28335800
331.37386100
334.14305000
334.26037500
363.17016000
366.98060900
370.02051400
375.60823800
393.08145200
393.22578800
394.16550000
394.17253000
406.69871800
407.00712200
407.49739200
408.40749500
421.88383600
424.03255400
431.59565200
433.35372800
444.14497100
446.98166900
448.50347900
451.11325300
461.52373200
464.67110400
466.16945800
466.65796200
480.61782600
480.74631100
481.81971700
483.66321600
533.41459100
534.73777500
534.98869900
535.12468900
541.49681200
541.57182700
542.16223600
542.64285700
574.24653300
574.32554800
574.47384500
575.44111100
586.84357100
587.34129100
587.99335100
588.88182200
615.75907400
616.97427500
622.84802500
623.34079400
639.15646200
640.10087400
641.73218900
641.99071000
691.53547100
693.30891400
693.71272400
695.01796300
699.29083600
699.78151200
700.99683300
701.86080000
722.41441200
723.12852100
723.36101600
724.41926700
725.23234900
727.23233200
729.02860200
730.16224100
736.69706700
736.74991900
741.99696700
745.20815900
754.24410800
754.56491100
757.74472100
758.47616100
758.77927400
760.00561800
761.49330300
762.34097700
764.97643100
765.86180200
784.41764200
785.67746800
787.67277000
788.86499300
794.76140900
797.57238800
799.84670900
800.50520900
804.04890000
806.29767100
844.53898000
844.97160600
847.21804800
848.04292800
863.18630800
863.68738100
865.08952600
866.14333600
871.43500800
872.07768700
877.02872000
877.40614800
924.98283300
926.08400300
926.64400600
927.62165900
936.06525900
936.33687600
938.29559700
939.13087600
940.50115100
940.60519200
940.89073300
941.06021900
971.51281100
971.61743800
971.94854500
972.37869400
977.94276700
978.05114700
979.21598300
979.37595500
989.39539600
989.69096300
990.48236100
990.55352000
1011.48310300
1012.63996300
1014.58515700
1015.07591000
1036.89654100
1037.73015300
1037.85443500
1037.93853600
1040.80875900
1040.87444900
1040.92798400
1041.00440400
1076.66990200
1077.01288100
1084.91664700
1086.13149700
1103.74047600
1106.54990500
1107.94267600
1108.59414800
1112.47079200
1112.70250900
1115.82575600
1116.14991300
1143.55458600
1146.49891400
1146.61253800
1147.34151500
1153.10033400
1154.62307800
1155.21888400
1157.47144400
1160.24124800
1160.84362900
1161.21576500
1162.19544600
1205.18502500
1205.92448600
1207.14895700
1207.62185800
1220.88806100
1221.50720100
1222.38494500
1222.54909500
1233.75451700
1234.05908200
1234.97934700
1235.54352100
1237.02704800
1237.06173700
1237.80673500
1239.12656000
1264.81031300
1264.92102400
1266.18320100
1267.75366700
1288.93807100
1288.95382800
1289.14095700
1289.64236300
1342.80750700
1343.45299900
1343.60533900
1344.29023800
1347.19077900
1347.82682100
1348.76587100
1349.46611200
1371.27559800
1376.49857200
1394.38282400
1401.06782500
1404.08407400
1404.92683000
1405.08068000
1408.81815200
1429.52388400
1430.27589400
1433.01740600
1434.15622400
1450.61192500
1451.98986600
1453.82764700
1454.13623700
1474.64003300
1474.94726600
1475.34937500
1475.69324600
1478.27891200
1478.38620800
1478.52954000
1479.01634300
1549.68505500
1549.77181200
1551.67248300
1552.55161200
1552.85871500
1553.59993600
1557.87628600
1558.04021800
1559.29504900
1561.14135800
1573.34318800
1574.08228000
1591.79892100
1592.00789200
1592.26942100
1592.28372300
1592.87137600
1593.62721700
1593.74509500
1594.48944700
1612.86605400
1613.20176000
1613.31929900
1613.49064400
1640.00649500
1641.11670900
1644.22256800
1646.92213100
3067.78908700
3067.84186400
3067.88940500
3067.92316400
3082.49968900
3082.50100000
3082.55685500
3082.61075700
3101.24229200
3101.32664500
3101.56696800
3101.66402600
3103.36978500
3103.41588000
3103.70972000
3103.76939500
3106.84599400
3107.08060200
3107.10588300
3107.15223700
3116.31936200
3116.41145900
3116.47114000
3116.52351500
3124.10888800
3124.23149200
3124.26296400
3124.32615500
3127.96484600
3128.04549900
3128.25616700
3128.29199400
3131.22902300
3131.24441400
3139.31255200
3139.44003000
3139.54719700
3139.69221400
3144.51915700
3144.60141900
3144.71657800
3144.73555200
3166.84666500
3168.95589600
3537.86787300
3538.11073900
3538.23676800
3538.61329800
