-0.06001300
-0.04743500
-0.03456100
45.01899700
50.88460900
52.04992400
54.00078800
57.56267400
64.79313600
66.01679900
69.32716400
77.80434700
80.48217100
81.32580800
87.27562300
89.89834600
90.83039100
91.66489300
92.59944900
95.77621500
98.44455900
99.72444600
103.39493700
105.95707800
106.41698700
107.78034300
114.48702400
122.93728000
123.96128000
125.67967900
131.49579500
138.05146600
145.65152500
147.89009000
148.31541200
156.66747200
156.70273600
158.42873100
162.91218000
164.23046100
164.99013100
168.62702600
169.08065800
169.54223700
171.08178100
174.89646000
179.01182100
179.54124000
187.91342700
196.41891000
200.04501200
200.88499900
204.48047400
207.60806700
209.83244400
217.43911100
219.57562300
220.84966600
230.47544400
237.02349600
238.20506400
243.97395100
248.35510300
250.98214700
273.00839600
274.45238600
288.60650900
289.64455100
297.79024600
306.23990600
317.07816800
317.88695700
324.53553900
332.97896700
337.18014600
350.06152100
370.52486400
371.37779200
377.55902400
382.53752400
401.34716300
401.95182400
403.30844000
408.46652300
439.16392700
442.16681300
442.40226600
444.49145100
498.24325800
499.64587500
499.68975900
500.49578200
514.22410400
518.11508300
519.79265200
519.85916800
567.90355400
571.80376200
573.64911800
574.56446200
591.52908900
592.78061400
592.80404300
593.48545900
634.05784400
636.01738500
638.06898600
638.26973800
657.35312200
657.44771600
663.84111200
667.58701900
667.60208500
670.38167500
685.21235600
690.37337900
703.52563200
705.98809100
706.61460300
707.50739600
712.47695200
712.96020100
716.35595300
721.43705900
763.76182200
764.67885400
769.19151000
770.34635300
796.29090000
796.41760500
802.26818700
803.01691500
824.35140800
825.47685400
825.77813900
827.82361500
852.43551400
857.48430100
857.91854700
863.29629200
871.38807900
871.98352800
872.27787200
873.71551500
883.02832600
884.11084800
886.62276400
889.14509700
900.36862100
902.84810100
905.69685400
906.11145500
910.90030300
913.04887500
913.61445000
913.77365000
931.53572800
932.32983400
932.34548500
932.97531800
1002.43995000
1004.20155600
1008.53621700
1010.26040100
1026.04586800
1026.35289100
1028.88755700
1030.82887500
1050.17462300
1050.74625400
1051.04314600
1051.95130200
1071.72192300
1076.60821900
1076.80111400
1100.12791600
1146.91303100
1148.18515700
1151.34840100
1152.39829400
1181.31961100
1186.46678100
1190.14024300
1193.60453300
1194.10015300
1199.28263500
1200.38646800
1205.73990100
1216.19029900
1223.79981700
1226.31681300
1227.00751100
1228.70976100
1231.99136200
1237.11778100
1242.97176500
1265.57973900
1269.35275900
1269.50675900
1270.50037800
1291.32901700
1293.46179800
1295.29598800
1297.13779700
1309.74890200
1310.35196700
1313.96624100
1317.22077600
1329.30839200
1333.14522100
1336.38804200
1340.66632400
1387.46320200
1388.00240200
1388.29712000
1389.16915200
1404.77695000
1405.05231400
1406.78457800
1407.16915200
1411.24279600
1413.20804900
1415.21228400
1418.52962000
1434.07167300
1435.57325500
1438.51947100
1438.91359200
1448.65265900
1448.67587400
1448.73510500
1449.16639900
1588.54006500
1588.67199100
1590.59800100
1593.24615300
1621.39651300
1624.93392700
1629.24146600
1630.18817200
1664.53993600
1667.72799700
1668.44359500
1673.08169600
1708.34374000
1710.93409900
1711.04820900
1715.62502700
2548.24437900
2548.84436900
2560.17956500
2561.70950900
2926.07024100
2930.48199700
2937.77781000
2963.02423300
3003.70470500
3003.79212000
3004.13867000
3004.14253300
3008.78495700
3008.91180900
3009.95386700
3010.76969400
3064.64510900
3064.83843900
3064.87517000
3064.88441900
3072.46551300
3072.62125500
3072.63859200
3072.97697700
3113.83720400
3115.40358600
3119.58478600
3121.64818400
3200.27858000
3203.26197900
3206.45858800
3209.25063300
3226.58272300
3226.79124000
3227.27939500
3233.28889700
3356.30440200
3356.59737000
3363.21993700
3366.13065200
