-0.05745200
-0.04728600
-0.03262700
42.43216200
52.31732300
57.01993100
60.78193800
63.79770300
66.77580200
71.48052800
73.48920300
73.76922400
75.75647700
77.71688000
81.92931500
86.09874500
86.62430300
89.25652600
101.26179900
102.17817200
102.46707400
108.44184700
109.73774700
119.65399600
121.82152700
125.79994200
126.20541200
126.23704400
128.83509100
131.20272300
137.84764100
140.24827500
141.99323700
144.45104400
145.76493300
147.13747200
152.74861100
155.40603900
156.09150000
162.75692300
169.17766800
172.41012900
174.79956800
176.36126500
182.95569500
182.98771600
184.44271500
188.42084000
202.30505500
208.81188100
211.35424900
219.04477100
246.59111800
246.78983800
259.29481500
260.86153700
274.98582900
280.45008100
283.21436400
287.19031400
293.55367800
300.11391400
316.47169700
322.94775100
337.71582700
341.11205700
359.84607100
360.42581800
368.49801300
373.69840900
386.62261500
391.01024900
411.53667600
417.78781600
421.87844600
430.36022900
500.79123400
501.67016600
504.47774700
506.30995500
517.43017900
517.62559300
521.28316200
522.74335200
535.17635000
540.80118900
542.28497400
545.06060800
546.53399000
548.52097800
552.40159700
552.86936000
594.61386300
596.44184000
596.55851200
600.78762500
628.82352400
631.20933800
632.64850400
633.44093900
670.28139500
672.64482900
682.21288900
682.98565200
683.88738100
686.67999900
697.83135600
698.31914300
774.56317900
774.68334500
775.45558600
775.62350800
793.69998200
794.02246800
797.50804900
798.20232300
865.92745600
868.24786900
869.04116800
870.59622800
875.10343000
875.92210500
876.46310800
877.28306400
884.17542400
884.38650500
885.38137600
885.87627200
906.43753100
906.65038500
907.41689200
909.03551300
934.02604700
934.89007600
935.65471900
937.08265200
941.65327300
944.93280800
964.31442600
965.35273800
1017.28850000
1017.94482500
1022.54474600
1023.96367400
1024.47916400
1025.39932500
1053.28216100
1054.73369900
1055.84140000
1057.56870100
1059.29905600
1059.48395000
1100.93926000
1101.64823300
1107.98670200
1108.95652900
1159.65125600
1161.06909400
1165.05447600
1172.48940000
1195.68800100
1197.05266900
1202.43571900
1203.98825300
1209.85651100
1211.05080400
1213.75275900
1221.33243400
1225.01043100
1226.06605700
1227.29115400
1234.99378000
1259.40567300
1268.60419600
1270.43042800
1271.23056700
1284.43257500
1289.11001200
1291.64601800
1294.12868200
1327.26336300
1327.81128800
1332.66436800
1333.04381200
1344.88932900
1346.95899300
1356.21665900
1359.92876500
1367.33083300
1367.66385900
1370.63493600
1370.71313500
1378.81042900
1380.28160100
1382.04632800
1388.28542500
1410.32583000
1412.10174400
1413.12356500
1416.06113200
1422.33648900
1422.99115100
1429.18144000
1429.42800600
1445.49218000
1446.25725600
1489.34773100
1489.51399300
1595.12461100
1596.60923900
1626.29813800
1630.97969200
1648.37425900
1660.92956100
1661.75025700
1663.99495900
1686.76229000
1687.01453400
1691.24054100
1703.75803800
2497.70655100
2497.96442800
2645.80049300
2680.73798800
2984.14974700
2984.17836300
2984.25375600
2984.31775100
2984.43398900
2996.18190000
3004.56300700
3012.00908900
3013.99250100
3014.08247400
3014.12158500
3015.37650900
3040.08845600
3040.19808800
3040.27831900
3040.47722600
3067.87517400
3068.04024200
3068.15459800
3068.56454700
3214.72018900
3217.11780900
3227.97580600
3229.15442100
3522.21208000
3522.45320800
3522.61105900
3526.00578900
