-0.05165900
-0.04341300
-0.02901100
28.32679600
37.04177700
37.97730800
41.55802600
43.05809500
49.07588900
51.30970300
56.38367800
57.29181300
58.05340100
60.27823600
62.41883100
64.43426300
68.67073200
70.47068000
74.44127800
77.74905800
80.62432800
82.96852700
89.20562100
90.62504800
113.38075500
113.89716600
114.44000400
115.90505700
116.14737000
119.03628600
119.22182300
120.77058800
156.59047600
160.30649400
160.86748600
163.37368300
167.15459900
167.34407600
169.21241800
169.85955500
190.45833200
190.80361600
192.81491600
193.56360600
291.27053600
292.18301700
294.12646800
295.47723100
350.73482400
350.92771700
351.97927900
353.74816200
391.64703600
394.00589700
394.04290200
394.58940700
413.18760700
413.92414100
414.27441800
415.43936200
444.06397000
446.15333100
446.18127600
448.46538300
500.19063800
500.79003100
502.18696500
504.35594100
561.94047900
563.49854800
565.14703000
565.59538600
640.46284400
640.63230000
640.93598900
642.63485400
650.48475200
651.38809000
651.80086000
653.21046900
701.84911000
705.17810700
706.03145400
707.35889000
713.61746700
714.12940900
714.60474900
715.79036100
754.94271500
755.75815200
756.42274800
756.88966000
812.51525100
812.91726000
813.93247600
816.11553500
822.39056500
823.72575600
824.65064600
824.79694900
890.73082200
891.27074900
892.94345000
893.13685000
910.67162600
911.30077200
913.20377200
913.31730800
952.03610500
952.09937100
952.46297200
953.34557700
988.58177500
988.81836500
989.87842200
992.46320500
1004.40761600
1004.71369900
1004.76183800
1004.97218000
1050.47050000
1050.88369800
1051.69104600
1052.58906900
1078.61797700
1079.90728600
1080.41269100
1082.00888500
1121.69976800
1122.53975400
1123.54870000
1124.42800400
1157.26153400
1160.87887100
1162.05807400
1164.91649400
1254.71072400
1255.67045100
1256.01252000
1257.20750900
1303.14616300
1303.35151700
1308.98547100
1311.50154600
1319.60003400
1326.89540600
1327.84879700
1329.01406200
1373.93292800
1375.01745100
1375.83216100
1376.11131800
1419.77965200
1423.37345800
1423.85630100
1425.25794700
1446.73651400
1449.13999800
1449.62697900
1450.44972500
1491.97933600
1493.83043400
1497.69242200
1501.86031200
1503.65748900
1507.94768200
1511.55663000
1517.71501700
1581.09869900
1584.07650200
1585.04354400
1585.74364600
1591.09378500
1594.51510800
1594.73491600
1596.88306600
3135.51595400
3135.77819800
3135.78359100
3136.11341300
3142.55687100
3142.98615600
3143.16589000
3143.74839300
3154.69400100
3154.94765500
3154.96620500
3155.70021100
3160.17815500
3160.22085400
3161.53313500
3161.55962600
