-0.06342900
-0.05218900
-0.03689300
33.22774100
39.06191700
40.61571300
42.45806600
45.09602300
46.26362300
52.36994100
59.00576300
60.23277100
61.89294200
67.24279800
68.46803100
73.42612200
75.31483100
81.54332900
83.04542000
90.77592700
93.20229300
95.86447100
106.08755800
112.00045000
112.70039200
113.70040700
115.20257900
118.22566400
132.35301000
137.61502000
141.28039500
143.21649300
148.40778100
149.39827100
149.86772700
152.86738000
156.24566200
157.49068100
157.93185400
162.44562300
165.13693000
171.83792500
172.95950500
188.17447000
260.32976200
261.38710800
261.98529000
262.81532700
282.43283100
285.54720100
287.64160300
288.18946900
385.53636100
385.91121000
386.66976000
387.54933100
410.62015300
411.53843600
412.31866000
412.87224000
415.24366500
416.52807600
416.74009500
417.39560100
465.45395200
465.89432600
466.41338200
466.53952400
506.70267200
508.16835300
509.37701300
511.49410900
529.88664100
531.02130600
531.53218700
533.41621200
536.92248300
537.58492500
537.65130300
539.26293900
539.81837100
540.34582400
541.25110300
542.80560300
611.81189800
612.01005700
613.22837400
613.42346500
616.52653900
616.96871800
617.81225900
618.50563400
684.08741000
684.54658400
687.58805300
687.98114400
688.12823600
689.15732500
690.18908800
691.19642300
695.59243400
696.22878200
698.29318600
700.21560400
748.21271500
748.90609800
749.04429800
749.89730600
750.46439700
750.80131200
751.62405300
752.42609200
835.23001100
835.33497300
835.96587600
840.93010600
841.11083400
841.93875400
842.83440800
844.30352600
845.19097000
845.93862400
849.65687400
850.61712400
902.30587900
903.27290800
904.09720200
904.79846400
905.18126300
908.23136000
908.40657700
912.05024000
961.99325600
962.32611400
962.67362800
962.98068600
968.56485500
968.57260900
969.58372500
969.92385700
978.84762300
979.15462900
980.48575600
980.93305400
982.43199700
982.75386600
982.84877400
983.66433000
985.38443800
986.69287900
987.08797700
987.34848900
988.21104100
988.78720000
989.08093300
990.15818600
1021.08304700
1021.30028500
1021.50779900
1022.48700200
1022.78923400
1023.38313700
1024.09755700
1024.73985900
1071.26185900
1071.33636600
1071.90889700
1072.66963400
1073.68964800
1074.23163300
1074.29556100
1075.64388100
1132.00790600
1132.03177300
1132.91604100
1133.09265800
1146.32708000
1146.41855300
1150.28018200
1151.11443100
1154.20999800
1154.84257000
1158.61880000
1158.88459400
1167.55632800
1169.91593200
1169.92361300
1170.54416200
1173.07718200
1173.17555200
1174.56756600
1175.59461400
1291.79116200
1292.59073900
1293.01543800
1293.99101900
1294.93289200
1296.23451400
1296.64479300
1297.19619700
1321.16090900
1322.22708700
1323.61419900
1324.19008100
1333.23648000
1333.49361400
1334.05565300
1334.43176700
1334.60124000
1335.13423800
1335.86078700
1335.95288400
1428.70994200
1428.92598600
1429.83283500
1430.09116500
1431.72478700
1431.91785800
1432.49144700
1433.34123900
1464.95285000
1468.02377300
1468.41360000
1472.08727300
1488.24775000
1490.10627100
1490.40594200
1492.77314200
1554.63432100
1556.22762500
1556.46007300
1556.85211400
1557.32382400
1557.62231900
1557.98022800
1558.87496000
1580.67477500
1581.51215300
1582.11123000
1583.60651400
1591.16032800
1592.59609800
1592.66730600
1593.44972700
2219.59912400
2220.00786600
2220.25826500
2220.67409300
3101.76782100
3101.87339700
3101.88068000
3101.99733000
3105.02815100
3105.12817600
3105.22154600
3105.30883200
3107.76948300
3108.06660800
3108.12564400
3108.31907800
3111.31525200
3111.62557500
3111.70941200
3111.89077700
3114.15296000
3114.16885800
3114.33810300
3114.38634100
3118.51746700
3118.60411100
3118.68849500
3118.76448400
3124.44595000
3124.68812300
3124.72279300
3124.72856400
3125.30113800
3125.37092800
3125.62045900
3125.67997300
3131.99253300
3132.16330700
3132.52224200
3132.53573800
3137.45900500
3137.57595600
3137.65454900
3137.71612400
