-0.07369000
-0.06092200
-0.04251700
34.18969300
34.85436200
46.14639200
72.73001400
89.40682300
90.82206900
94.66926100
112.42676400
113.99602000
146.78482800
147.61148700
164.18096800
165.33260700
165.87612700
171.89237700
183.12246400
183.74597200
185.38094800
191.15978300
200.80851600
202.64712700
282.01849900
283.18827200
286.91022200
288.25555900
290.66247500
293.18217000
305.15865300
307.82366300
345.80758200
348.26735900
427.98692400
428.83805500
448.49508500
449.24733700
504.60743700
508.17674600
515.94275000
516.11223800
582.65467000
583.82065000
664.35588300
664.44431900
710.78418800
711.01153600
737.31963200
739.69194500
802.71396100
804.91459900
855.32476700
858.45023300
873.55983900
874.60042000
967.86985300
968.22761000
978.84666200
979.94596700
989.48854100
989.58460500
1004.57372200
1006.09019900
1010.12835800
1012.48422800
1019.99460800
1020.15822300
1032.00790300
1035.23224700
1036.23916900
1039.03666600
1070.39550300
1071.21908900
1185.05772700
1185.51055800
1190.91727900
1193.31970300
1258.48803000
1259.95547600
1268.67593300
1268.93698200
1322.28456500
1325.17970200
1350.09507500
1352.92246500
1354.40192200
1356.26591600
1357.55664500
1358.10324800
1370.33327300
1373.51027000
1374.52704900
1380.45904500
1421.26947900
1423.34896300
1426.42347000
1427.88711900
1429.04985800
1431.10805000
1431.85703000
1435.51357000
1436.13317700
1440.24995300
1442.10738800
1444.47731900
1453.29690500
1453.71536100
1454.93923200
1462.14338400
1490.65668800
1490.70655800
1553.87249900
1556.26450500
1606.90225400
1607.40161700
2945.75093300
2946.94158600
2947.67705200
2948.01263800
2948.54446500
2949.28849400
2949.59411900
2950.18509200
3000.43171800
3000.88973600
3001.34127900
3002.08072500
3005.44946900
3005.45725000
3006.09552900
3006.21637600
3042.51042000
3042.67211400
3044.15355400
3044.15930300
3053.26342500
3053.29946600
3055.23183100
3055.36130100
3076.80933100
3077.17220300
3080.39766300
3080.78003000
