-0.06150900
-0.04884600
-0.03495300
35.80062400
35.90578700
53.30760200
56.39577300
60.79712600
61.51986100
65.44140500
67.14823700
70.95240100
73.54789600
75.11442500
77.34798300
85.10397300
87.45446700
88.56724500
93.84831000
94.07371000
96.11391900
100.99639300
105.06231500
110.52358800
111.23476500
111.75086800
113.44236700
114.75649200
116.32412900
116.32951200
125.17042900
126.53387600
129.00903400
130.76024700
132.37832200
147.10793100
149.29266800
154.00471300
160.31530200
160.81471100
190.36087500
197.10498600
208.08106900
211.56243000
217.66471000
220.56251000
228.46142400
232.16839900
289.86804000
290.82745900
293.42995400
296.45819600
312.75255800
313.61366900
316.54215400
319.87843900
334.70589300
335.14457900
337.75835700
338.15377000
405.80860700
406.01315800
406.17471300
406.52884200
428.54785400
430.57987500
438.57362700
438.80684300
461.47897800
461.84026500
471.82700000
473.43350100
522.24691900
524.52820700
529.40095600
529.41736200
541.27656700
542.57417400
554.35171100
554.41373100
610.51663700
610.67239700
611.05303200
611.33231600
632.91237500
635.94769600
635.95543400
641.30790500
671.78185700
671.97302300
677.18848800
677.98884900
681.73915400
682.43249800
683.29990200
683.44233900
697.52266500
699.24530400
704.99711100
706.92262800
712.83655200
715.85885700
724.17329100
729.66373000
793.31306400
795.93873300
796.84131700
801.72747300
813.52397900
814.55115100
820.42419400
821.07712100
848.90496000
852.06180300
853.43490300
854.06955600
858.82339800
859.15376900
861.46400900
864.08597000
933.17765400
934.17311300
934.61432700
936.24913800
952.96348000
954.07537100
954.82805900
955.52599100
977.36263000
978.27787500
979.34968000
979.46079800
984.43015200
984.50415100
986.16422800
986.45293900
991.37046600
991.62111400
991.94466500
992.27639400
1000.70534300
1001.82997500
1004.39685100
1006.04302600
1023.07427200
1024.32893100
1024.83956000
1025.20566000
1054.57406600
1055.87481300
1056.81502500
1057.45854400
1079.93931200
1080.51547800
1080.55079000
1082.23990600
1146.49150500
1146.61929200
1147.20367900
1148.20618100
1157.15953500
1157.35025600
1158.60800900
1163.21694500
1169.58981300
1171.80583300
1171.83689100
1173.26676900
1180.06280100
1180.61571000
1184.20988300
1185.93013200
1241.25553900
1241.35589400
1247.55746100
1247.75362300
1290.72596200
1293.51224100
1294.06533700
1294.82596400
1304.79552600
1306.97198100
1311.20699300
1312.24801400
1319.98355400
1321.19378200
1323.63067700
1323.68745100
1350.12254000
1350.35400100
1350.98273500
1351.01268500
1369.37447800
1369.61715200
1370.39300500
1370.49681900
1399.49821500
1401.06796500
1406.48656600
1407.37927600
1430.12317300
1430.64813500
1431.11317300
1432.22167600
1477.58294300
1477.75518600
1478.05046800
1478.21992100
1528.15078900
1528.30072100
1535.24243100
1541.10157500
1545.02218400
1546.27313300
1560.45815300
1563.82096300
1584.24786200
1584.89111400
1588.97471100
1590.36077500
1591.02271000
1591.49361200
1593.01414200
1593.59906600
1693.33022300
1697.19341200
1708.46684300
1711.88359800
2975.05048700
2975.05318100
2976.36465800
2976.92649400
3006.41137000
3007.15759800
3015.93935400
3028.35384800
3040.98519000
3041.04569500
3041.19707600
3041.55718200
3115.45571700
3115.56039300
3115.65251600
3115.76248600
3120.52343300
3120.60602400
3120.84882300
3120.93290600
3127.33946200
3127.34003500
3127.60931400
3127.76944800
3131.49787700
3131.57682000
3131.59982200
3131.61319900
3152.77124600
3152.84339200
3152.88798900
3153.23083800
3335.53395200
3335.98892000
3359.37851500
3359.55012100
