-0.05616600
-0.05616500
-0.05616500
40.18007400
40.18007400
40.18007400
53.11525500
53.11525500
53.11525500
57.84021600
57.84021600
57.84021600
351.72561700
351.72561700
351.72561700
360.67686200
360.67686200
360.67686200
456.03393700
456.03393700
458.44722400
458.44722400
484.57857800
484.57857800
484.57857800
484.65245400
484.65245400
484.65245400
651.37107700
651.37107700
651.37107700
652.92554000
652.92554000
652.92554000
769.83103700
771.61070700
797.64014500
797.64014500
797.64014500
802.61420900
802.61420900
802.61420900
898.07841800
898.07841800
898.07841800
899.83432300
899.83432300
899.83432300
986.08790100
986.08790100
986.08790100
988.05392400
988.05392400
988.05392400
1004.97206500
1004.97206500
1014.83887000
1015.41530200
1022.93138400
1022.93138400
1027.23520000
1027.23520000
1027.23520000
1030.16254600
1030.16254600
1030.16254600
1193.73186400
1203.76566100
1216.38771800
1216.38771800
1216.38771800
1222.59490500
1222.59490500
1222.59490500
1304.66784900
1304.66784900
1304.66784900
1305.96133100
1305.96133100
1305.96133100
1319.54823800
1319.54823800
1319.54823800
1322.52717300
1322.52717300
1322.52717300
1339.52674300
1339.52674300
1340.52605600
1340.52605600
1354.12741500
1354.12741500
1354.12741500
1361.90687500
1361.90687500
1361.90687500
1417.03544500
1417.03544500
1417.03544500
1420.50253100
1420.50253100
1421.21139500
1421.21139500
1421.21139500
1423.90611400
1423.90611400
1445.32393400
1462.77930600
2954.95902300
2954.95902300
2954.95902300
2955.27955600
2955.27955600
2955.27955600
2959.65828600
2959.65828600
2959.69611200
2959.69611200
2968.16283700
2968.54151600
3019.34011200
3019.34011200
3019.34011200
3020.58735500
3020.58735500
3020.58735500
3021.35351600
3021.35351600
3021.35351600
3022.85781500
3022.85781500
3022.85781500
