-0.02878800
-0.02438700
-0.01705400
59.43438300
69.11642000
90.91099100
116.87207100
117.94951300
118.54021500
121.46936200
128.65363800
144.00148500
149.46674500
153.91930000
156.10523100
168.76463900
169.75794000
181.05497300
183.57421300
189.27321400
215.42279100
226.04182900
244.92409300
251.25595500
264.89668800
271.28458500
278.07296800
278.36081500
296.03629600
301.29263100
307.67632000
308.54878400
336.57496500
337.90366100
355.66176500
375.68798600
538.88239600
543.86217000
551.49418400
560.27547000
571.25195100
572.63591200
574.33404200
630.46656300
636.42677200
643.07436600
645.06656800
657.44337500
662.11114600
684.87560300
698.01096600
729.12291900
1198.71468400
1199.53789300
1205.64912900
1206.66052400
3000.30730000
3005.20666200
3024.53810500
3025.21658500
