-0.05258700
-0.04037900
-0.02806300
68.97339400
72.63931500
79.05807800
80.28921400
85.62458100
85.89214900
87.52737700
89.64002700
94.12641400
94.69469600
96.97346000
102.27184200
103.51790400
107.65965200
118.31369900
120.29480700
120.95563000
121.85685100
121.98248300
122.71601600
125.11154100
130.03406000
130.17267900
131.47588300
133.61403700
138.02209200
142.04349800
143.97226500
145.80362300
146.24188400
147.11881900
148.32115600
153.66487700
157.35035900
160.69071100
165.81606900
176.17421100
178.94032000
180.20381400
185.29929700
189.94541700
191.97538200
197.50983100
202.44858900
219.56300900
321.59313800
326.32702100
327.58106500
328.62074500
333.09392500
336.41091500
337.17648200
340.34031100
347.27114200
347.49483000
348.26289300
350.70870500
353.82130000
354.12649900
356.64123800
357.30563600
357.42143100
357.47295700
361.03439300
364.26542300
366.36723600
371.27125800
373.01958000
374.45294800
492.16615300
493.82701800
496.13416200
500.21337100
500.55080800
501.06545000
503.92410600
509.47496200
518.68352300
518.76212800
519.53906000
522.42081700
522.87780500
523.04270900
523.74703400
526.15624300
531.66782000
531.93320600
534.02891900
534.86624600
535.61884800
536.66880400
538.28281600
540.16904900
628.06340200
632.57492000
641.78549000
642.76065700
648.53142100
652.43135600
653.71777400
656.30710000
1003.33570300
1008.36009400
1009.76988300
1010.13934100
1010.46582400
1010.67552700
1011.34793400
1012.17863200
1013.19730600
1013.97495800
1014.94707600
1015.38715200
1015.85876800
1016.72293600
1018.39091500
1018.76919400
1022.33599800
1022.51990600
1023.31192600
1026.10175800
1028.99822400
1029.52910700
1032.55416000
1035.77882200
1214.64283500
1224.99223500
1234.93964600
1238.77786400
1239.26484100
1243.90016000
1244.36004900
1251.23567300
1260.48801900
1264.06913400
1270.40674400
1271.24758500
1279.12263700
1279.89080100
1284.51361000
1309.42775200
1419.81213900
1421.87684200
1425.84580900
1425.96320100
1430.07382900
1432.01662000
1432.40751100
1437.97855200
1544.63638700
1548.71888100
1550.90470200
1551.21259600
1551.67905700
1553.41915900
1561.83645500
1568.45883600
1571.12902800
1573.62159600
1576.69511700
1577.54831000
1577.69455200
1578.81356300
1579.26720100
1579.47406000
3095.30776000
3096.65805300
3105.23836800
3105.30141600
3110.67646400
3111.91019900
3133.83954200
3140.73456400
3166.57718900
3166.71633400
3167.81373000
3167.83769000
3175.40968000
3177.84503900
3178.60489000
3187.62703300
3224.87968100
3225.86669300
3227.10052200
3228.32040400
3233.21511300
3237.50099700
3239.91581200
3243.85960100
