-0.05712300
-0.04702700
-0.03239000
60.73606700
76.34943500
88.86437700
89.72208900
109.37930800
114.78395300
136.37035400
137.12372300
159.07693500
171.17586200
180.27540100
194.48078400
199.27118800
245.01741500
272.87038400
405.78005400
418.34186400
446.20565000
458.31104600
566.62980700
570.96793500
590.82635900
597.91897500
637.55767200
664.46857400
753.13860600
772.25393200
905.49810600
910.14920000
924.87332600
927.16125300
937.28703400
940.31477000
999.47021000
1033.89974200
1035.26253400
1051.39616900
1155.66326800
1162.58325800
1220.07960400
1225.11613600
1298.95075100
1312.68719400
1316.69361400
1325.91875600
1391.92691000
1395.82880800
1435.48150900
1446.56166100
1453.45595200
1475.11117000
1586.21943600
1635.46472400
1643.17816300
1680.93070800
2592.92746900
2685.94062300
2699.18436500
2798.61855600
2995.93140600
2997.76714800
3053.82630600
3054.02369100
