-0.05984800
-0.04892300
-0.03434900
59.87515500
65.94594900
70.79658300
78.79679700
81.59885500
91.70220900
96.47494900
98.66958900
107.26597700
112.99033800
116.16922000
124.90062100
131.58201500
132.82761500
136.03624300
142.74803500
154.78573200
158.89270200
160.03656300
173.04707500
173.25068700
192.25774200
194.36595600
199.60664900
203.53669500
204.01449000
210.05070100
214.58235700
217.87979700
235.26270700
239.05856500
248.61456000
251.47617000
383.26874400
384.31371800
394.46513500
395.64417100
404.60667100
407.87924400
407.97258600
412.28807600
456.69671100
467.57616900
476.70615800
497.34015700
501.12304700
515.73815100
563.70982700
568.51673200
569.03402700
570.11910100
572.27466100
576.17164300
576.30537100
581.08965100
584.51851100
587.24552400
600.38402700
610.03320300
648.05048300
658.83151100
661.52811700
668.56845900
669.82503700
673.19517700
685.92248200
692.90935300
698.27157700
708.67954000
713.57182700
713.67729200
716.32461500
717.54899300
720.70591400
727.25809000
728.19317700
733.08273400
751.92257500
758.61359300
759.19079400
764.81403300
770.36415200
780.69227600
782.98918400
787.36069300
792.23212400
803.44250300
803.69245200
813.45444900
846.66008900
851.68600900
858.90617900
863.60573500
962.88567400
964.94881100
965.29913400
968.31297700
1023.08477500
1025.41117600
1026.45352700
1028.52788000
1033.96329100
1034.10772300
1038.25812700
1041.44852900
1158.40805400
1160.62150100
1167.20015100
1169.42380700
1172.24742800
1176.62403200
1179.14226200
1189.97419100
1193.11007700
1193.83231700
1212.02404900
1213.10881300
1317.78239600
1319.23794600
1320.18292900
1320.36426900
1428.57275800
1429.92744100
1431.11674900
1433.84607300
1454.79094800
1455.24031800
1459.64646000
1462.69928400
1502.04521100
1503.48304000
1510.45004100
1516.49518700
1521.73426400
1525.33236200
1528.08939600
1537.85111200
1538.16420500
1538.73605700
1547.72568100
1553.32789000
1615.47901000
1616.50332600
1627.06723300
1627.74389200
1643.21711800
1650.87634500
1656.77398700
1660.74801500
1668.54770100
1669.85572000
1674.09659600
1677.96332800
3081.34295100
3082.63402000
3100.67959700
3110.92982300
3142.41872100
3142.56753500
3154.76400600
3157.89768600
3161.85170800
3186.31786900
3194.98319700
3206.27249900
3300.81016700
3301.37615600
3306.15544900
3306.58791100
3495.38241500
3496.40088600
3497.23217300
3497.78924200
3544.62109600
3545.13359400
3545.42286500
3545.83623400
