-0.06515300
-0.05293900
-0.03746200
51.38843100
55.65523200
63.81879800
69.87223000
79.91540200
82.06474200
106.11830000
119.43623700
136.61074900
179.06552700
194.53901500
212.41987000
213.21003300
356.46426800
358.94713200
385.26454400
389.88345500
464.82069700
469.30700900
469.56742200
479.11775900
503.35699700
504.69797200
507.57800200
508.59590100
612.27218000
614.18256300
622.89154800
627.13648100
714.43278300
717.05261100
758.63439800
760.69970400
770.21061000
771.87291300
773.60454400
785.76989400
789.25349800
791.37097800
838.52042700
842.39437100
877.68988800
891.46214700
922.89768500
927.22109000
941.55808700
945.71386600
956.61392000
956.78883000
972.99783700
978.84744800
979.32643500
982.04816400
1012.25029100
1012.92293200
1018.74969200
1022.71351300
1115.18782100
1115.20299800
1136.78319900
1139.41193100
1142.10264600
1144.68669900
1149.12924300
1152.40016100
1214.62267500
1215.28611500
1236.37831800
1238.85089000
1256.31456600
1260.69902200
1374.91421000
1376.03715100
1377.43573800
1378.21143900
1386.16832500
1386.97784300
1443.33163400
1446.70894100
1448.54399000
1451.07768100
1504.20785800
1506.58908800
1562.67255300
1565.30500400
1585.98988100
1586.49799200
1618.27721500
1618.67614800
3093.58548600
3094.63315400
3095.32146000
3096.50363700
3105.52543600
3105.57012900
3106.02734700
3106.16894500
3115.70394500
3116.48886300
3116.78988400
3116.80213800
3119.87954600
3121.29576700
3122.06993900
3123.11569800
