-0.05411700
-0.04312400
-0.03080700
45.01121500
46.06684300
66.26462600
71.23313200
74.28496500
75.73187200
78.47187400
81.11144300
83.33333900
85.34775800
86.88955700
102.21284900
107.23022500
107.42456300
110.81678100
122.68064500
123.81491500
123.88004400
129.43380200
136.66989800
145.43307500
147.29216300
151.64207000
153.19214000
153.23182700
157.88900200
163.43122800
178.71594200
182.05169100
182.36032000
184.21756000
219.36958200
220.82688000
221.07786600
225.02194200
269.39395800
269.55263300
300.75000600
301.09803800
338.69051700
338.95912100
354.03920500
354.13338100
369.91617800
372.10235700
398.18991700
401.27235700
403.64167000
403.76937800
413.21055100
415.42471600
422.50572600
423.40286200
580.00959000
581.23064700
582.37872400
584.68922500
610.12608600
610.61748600
622.52967800
625.21892100
637.93045000
638.45739500
638.95131000
639.54752700
704.11771000
704.49018300
727.51313200
727.73569300
729.06425400
729.14482300
733.72520600
734.17220200
735.27018800
737.38424400
751.98456100
754.14441200
811.10536000
811.17437600
816.51234500
817.07119600
855.52363800
855.63655600
863.69612000
866.15115500
911.41329900
913.21502000
918.90039900
925.43861600
926.73250600
930.93951900
931.83929700
933.95326100
1047.14598200
1058.42491100
1058.67117100
1059.32346400
1112.36618300
1112.69585900
1140.44348900
1144.25012300
1170.29867300
1171.19004700
1182.67934000
1184.79102400
1211.00909800
1213.45570800
1221.26098200
1221.80162200
1226.99271800
1240.38362800
1241.26387300
1242.55143900
1254.98094500
1268.67571800
1281.94192000
1290.76267600
1295.79256700
1299.22235500
1300.95793300
1302.57417300
1317.44050700
1320.03329100
1322.96820400
1323.12114000
1339.31921100
1340.09162500
1362.45014600
1364.32396900
1374.27305700
1375.66504500
1389.53608300
1390.48636300
1406.72280400
1408.43405400
1411.76953400
1412.98497600
1426.07473600
1432.82568000
1433.68531700
1440.16282000
1507.69399900
1509.22114600
1514.56403800
1519.79612900
1542.64641200
1543.06888000
1551.80311200
1553.76492200
3011.38750700
3011.46548900
3011.79125000
3012.03205500
3018.55564200
3019.02382800
3019.35644200
3020.09641600
3072.51315700
3073.18223600
3073.27477600
3074.43454900
3081.59957300
3081.77600100
3081.81684800
3082.15014300
