-0.05840900
-0.04751100
-0.03192000
31.74128700
41.92366400
60.88511300
64.55317100
81.35757900
88.80329900
91.35959900
114.96477300
120.47783600
123.99957500
137.67406100
137.75406800
140.14275300
179.10214900
179.33030700
202.05360200
203.15273400
211.01796800
215.61362200
270.48455900
324.09984300
338.02322100
349.22500800
435.05752000
487.11171700
491.66976000
492.64193300
514.07514300
514.60762700
579.19406800
582.39926700
623.14308400
629.64705800
638.25570500
640.29987100
708.63671100
718.54915100
740.27933200
752.87370200
756.17519700
757.78757300
771.25837400
772.26599400
797.04239800
800.03235400
819.28242700
819.51564600
858.76354700
873.67075600
1253.32851900
1264.48944600
1274.78911100
1321.58915000
1323.38197300
1323.53507100
1326.02757900
1358.18446000
1382.90011700
1393.05781200
1407.23443700
1476.83878900
1482.50912300
1504.99000000
1511.45435700
1612.36799600
1615.23792500
1632.91100200
1653.99792700
1686.06942600
1688.39293900
1724.11072700
1808.76529700
1983.56957100
3306.81022000
3307.22408100
3307.52369700
3343.84735200
3356.36210100
3362.25937100
3365.37901500
3367.62401600
