-0.05411700
-0.03642200
-0.03642200
20.40862200
20.40862200
40.35970100
49.12335600
49.12335600
56.63611700
56.75399800
61.15856200
61.15856200
67.70044800
67.97142100
80.55489500
80.57233300
86.56505200
86.56505200
89.34511800
89.79114100
92.35088500
92.35088500
95.81014500
95.81014500
99.99310300
103.05987100
103.54361500
104.40544000
104.40544000
114.45995400
143.49280000
147.66647300
148.03437500
148.03437500
149.95965800
149.95965800
156.73307100
158.20186000
192.83054500
192.83054500
196.63060000
196.63060000
205.83380900
208.04097800
209.18848800
209.62177200
236.07752000
239.36704600
252.87851500
252.87851500
258.93101700
258.93101700
302.16453000
303.78551700
314.07070400
316.20841700
434.47608700
434.47608700
435.09890800
435.09890800
500.70693800
501.06836900
569.22564100
570.65602300
595.92226500
595.92226500
596.66714900
596.66714900
597.51561200
598.30419700
623.38302800
629.37448700
657.10799700
657.10799700
659.31154400
659.31154400
706.03034100
708.84623800
724.11666300
724.11666300
724.60690200
724.60690200
724.75776200
724.86234000
724.92005600
724.98647500
780.44153600
780.44153600
788.89189800
788.89189800
795.29095200
805.11124000
811.56975900
812.61674800
828.28197900
834.68519900
907.82069900
907.82069900
908.25005800
908.25005800
909.10903000
910.01232900
966.02951200
966.77870700
981.04328200
981.04328200
983.37638700
983.37638700
1014.97538100
1018.54350700
1020.76508900
1021.91853700
1129.43692600
1129.90003000
1161.28442300
1161.28442300
1161.83674200
1161.83674200
1222.80358700
1223.04438800
1240.13580300
1240.13580300
1240.52465000
1240.52465000
1254.13663500
1259.55907200
1259.55907200
1260.90362900
1262.06005900
1262.06005900
1276.04264900
1281.34498400
1282.12448800
1283.22032700
1352.07941800
1352.07941800
1353.58730000
1353.58730000
1354.53672500
1359.69270800
1371.66880600
1371.75328400
1445.12672500
1446.58128300
1447.14935900
1447.26481500
1450.12551900
1450.12551900
1452.90604100
1452.90604100
1638.55746400
1649.18779200
1653.05517500
1653.05517500
1659.12086200
1667.47616400
1669.21221100
1669.21221100
2997.83487600
2998.53671000
2998.74984500
2998.74984500
2999.26188200
2999.26188200
3000.63252100
3001.08897300
3061.51846600
3061.86206600
3063.42229800
3063.42229800
3063.67729000
3063.67729000
3065.29356700
3065.41226200
