-0.06961200
-0.04818400
-0.04818400
34.33248500
34.33248500
92.55371100
94.72191500
96.11379500
98.82276900
98.82276900
109.45841300
109.45841300
173.95431400
178.33254600
224.10858600
227.08209200
243.41313200
251.29751000
251.29751000
252.36045100
252.37773300
252.37773300
268.93166500
271.10609800
307.85564900
307.85564900
308.15279800
308.15279800
311.55458700
317.27215700
412.77102400
414.30948900
443.24227200
445.86558400
574.55667900
574.55667900
577.96227600
577.96227600
772.57120400
777.80643200
777.80643200
784.11491200
784.11491200
786.53255700
789.92355200
793.40561400
800.65694700
807.02127700
854.98220900
854.98220900
861.55152800
861.55152800
890.36681800
908.91085600
976.81497400
979.62230800
996.83196600
996.83196600
1001.09068300
1001.09068300
1019.03667400
1022.58689700
1060.37536800
1069.29464900
1114.54211900
1114.54211900
1119.46213700
1119.46213700
1190.20901600
1190.60044100
1223.18871700
1226.78737500
1233.88340800
1236.03448800
1263.39835600
1263.39835600
1264.12894800
1264.12894800
1338.81410100
1344.55839100
1345.60435200
1345.60435200
1349.07618600
1349.07618600
1371.61685300
1381.09037100
1389.44306500
1392.40911900
1421.44029700
1421.44029700
1428.64754400
1428.64754400
1433.05823100
1433.41369800
1433.41369800
1435.45528700
1435.45528700
1442.05063300
1446.90094600
1449.24241200
1504.29121900
1508.50869500
2961.76224200
2961.76224200
2962.39572800
2962.39572800
2965.67477500
2967.04587900
2967.33454300
2971.95190500
3013.49828700
3013.56339600
3016.33225300
3016.77701900
3018.92994500
3018.92994500
3018.97921800
3018.97921800
3142.68661200
3142.91841500
3210.63912900
3210.63912900
3214.87940300
3214.87940300
3259.65576900
3264.38162700
