-0.00539795
0.00029401
0.00520803
6.45814438
13.87260156
14.86471204
25.51158778
30.87727058
33.37290140
38.01020175
51.96589782
52.61097859
58.08543739
63.28465057
72.22124597
75.51115603
82.95703885
88.29663288
92.93389768
93.70885785
97.11574088
100.17435180
100.72633201
104.36622179
107.77630386
108.84046237
111.80902177
113.29636844
156.79327154
159.93010330
163.66204859
168.51583903
185.79401693
186.38216311
188.92137049
189.71506621
238.05792558
240.63729745
243.53518380
244.31800650
247.98482116
254.57422193
254.93891473
262.43325586
274.05073283
276.23989996
276.99133407
282.19831651
338.03888956
338.18406653
342.16913375
342.81323490
368.44387467
369.24625291
369.48090554
369.53108435
418.20364827
419.42512510
420.87180969
421.53182624
422.31474740
423.76661259
428.04062037
428.74306501
437.00814164
437.75395064
440.97723327
441.07188852
484.35733505
485.35737007
489.66856622
490.02993275
528.40219898
531.85661635
532.52098239
533.81466841
536.69689088
537.44479113
539.78798938
541.25068172
589.44806237
590.51593665
593.06622523
593.11763295
607.95939514
608.21288985
615.63802758
616.83323775
657.68254932
658.74724894
666.25530077
666.41016247
675.68954322
677.69923515
677.88092295
679.32922774
679.54128710
680.02336681
680.14046990
680.90395320
710.66010429
711.10573093
711.43357712
711.50002735
712.09565900
714.20873701
717.21349128
717.48858876
726.09822835
726.96447378
741.77632398
743.50869500
743.64877932
745.69885961
749.26503059
752.68660711
835.04303228
837.16510391
838.38858844
839.65423214
841.09788487
842.07630130
846.58929919
847.44832515
850.62522850
852.83265398
855.22735317
855.87222112
877.37637805
878.40460445
879.03496621
879.15623473
915.33069432
915.33540687
915.96410822
915.98592080
918.81793608
919.10049501
923.89560504
924.01087341
949.00687690
949.08928411
960.39319802
960.48026485
970.10094162
970.22562830
974.60823610
974.99396638
1029.89696602
1031.07616665
1032.62574505
1033.61195094
1034.20544005
1034.38326984
1034.90007423
1035.91580295
1050.57415014
1050.80899350
1052.34198737
1052.69368136
1066.96539807
1067.20399122
1068.67559027
1069.37834659
1109.98460636
1111.96037489
1112.79441623
1115.07043654
1121.18445789
1122.79988511
1124.80410760
1127.23865242
1141.02401826
1143.02281710
1146.04604283
1148.68852418
1152.48868574
1155.15400419
1157.78971125
1159.54331200
1232.07808589
1232.27236353
1233.62498340
1233.80588523
1243.51286388
1243.78472071
1247.55919036
1247.63237780
1272.58991494
1272.69037917
1272.71699542
1273.01492739
1273.60670357
1274.15466839
1278.32082995
1279.60821216
1339.62129298
1339.67116301
1341.15943129
1343.29104235
1348.68061395
1349.20859074
1349.25259792
1350.79030955
1403.37253956
1403.83511707
1404.91731025
1405.91318975
1431.72834884
1432.50522823
1433.65058242
1433.90083423
1456.01411314
1457.55483669
1457.73284020
1469.40895198
1482.90984404
1483.04291968
1483.17865949
1483.30386719
1504.54525584
1505.54970641
1506.85079896
1507.23783008
1559.49523558
1559.70169356
1563.24150255
1564.82364881
1569.41317446
1569.83044428
1570.71519116
1571.19300744
1584.28369974
1584.55099046
1584.74154317
1585.51807440
1592.30925603
1592.59104740
1592.82245849
1592.96226028
3103.36461763
3103.42601594
3103.90844203
3104.02557436
3104.66321171
3104.80007939
3104.98969255
3105.02222020
3111.00794620
3111.05263376
3111.29892721
3111.39715623
3111.43583052
3111.52704146
3111.75946845
3111.92773628
3119.86638365
3119.96088876
3120.01023004
3120.13078466
3120.18764766
3120.31395607
3120.52252719
3120.62309932
3126.21860727
3126.49312011
3126.78318817
3126.92940064
3127.04537129
3127.20396721
3128.39110295
3128.57018054
3326.34473324
3326.37075456
3330.77717659
3330.96907105
