-0.00631789
-0.00509001
0.00620478
26.07146389
28.76244545
40.53451285
44.96590559
49.33489788
61.91075932
66.85192053
67.24971859
72.75986516
82.25573471
90.79020175
94.56487004
95.27298285
95.99402283
105.42753146
107.43879397
110.36989316
118.72707944
120.89019647
122.04492079
123.01818999
126.99384073
128.69964786
129.47850994
133.80234545
136.14985618
137.52923005
140.19136994
140.79012264
152.34087899
162.02406347
174.43960652
177.89184985
215.24822663
220.17629032
221.25949903
221.45158692
224.19620487
225.10226371
245.66174742
245.97846464
272.78199741
275.97546796
297.99592258
300.47789075
352.22627979
353.24860876
372.93226713
375.12415932
383.66850422
384.07432280
408.36258175
409.36263878
411.29513480
415.25759815
415.55342823
419.76346393
437.73180798
439.56148631
441.26004817
441.76407705
544.11707572
545.05054188
557.59014752
559.10012260
559.17573006
563.93382686
581.07407463
581.52446831
631.44259685
635.59157329
636.48385517
638.69416165
653.90426041
659.15224764
676.78198163
681.34565816
686.44846931
687.58206113
689.05908210
691.46703136
722.16268047
724.43577244
725.64808272
727.21967185
768.46935986
769.38467692
786.81915322
788.22995070
788.27957123
789.97411695
790.41913941
792.37838603
792.42306498
793.17612679
797.25688112
797.55168379
814.64298786
819.59228878
827.27444007
829.57627381
886.03615799
887.76028954
896.50097479
897.71891812
962.27786894
963.79234773
968.36360717
969.82580273
987.00781124
988.75809139
998.04918681
998.75223010
1003.95435619
1005.87697247
1016.66724222
1019.08802125
1025.31814848
1027.36198276
1036.06029040
1038.02115547
1046.07924980
1047.27015284
1047.34257593
1048.61030378
1063.61243090
1067.90445729
1068.56837954
1071.56634478
1135.36794373
1137.70980907
1140.33922426
1142.55507996
1142.85912036
1147.59349479
1150.96052126
1154.60595805
1172.21189716
1175.76892095
1176.75094809
1178.25786007
1249.70255252
1252.30183028
1261.16095950
1262.05212052
1267.32447070
1274.46460354
1283.56905710
1286.93674857
1288.58771458
1289.07305219
1297.23434362
1298.74314012
1347.46305275
1348.18510102
1351.09789456
1351.78087544
1429.93907070
1431.96298933
1432.32087290
1432.60507956
1434.21698616
1439.20588763
1439.92576248
1442.20912561
1458.16933669
1460.39207812
1461.51708115
1464.14615298
1477.68596349
1481.00706598
1482.38596489
1482.80003004
1571.16208953
1571.86840101
1572.26918207
1572.30807374
1579.12204384
1579.78882004
1580.64156605
1580.87581192
1585.89876417
1588.14236399
1596.30913732
1610.07809754
1614.62870983
1615.75256947
1636.61367851
1664.20440045
2660.62454778
2661.04716766
2666.73993200
2667.18726164
2748.00445150
2749.86612838
2816.29955130
2863.10618189
3127.77849419
3127.86935558
3128.61718099
3128.66153928
3137.88231998
3138.26809258
3138.48753543
3139.20539497
3146.14398404
3146.33790589
3147.36684263
3147.59959509
3149.04539755
3149.37737949
3150.15408196
3150.47202715
