-0.06130100
-0.04997000
-0.03535000
47.77933500
62.00074900
67.05833500
81.61353700
92.04500200
109.78529500
118.25610200
123.23987900
136.29603200
333.57101400
343.92965300
399.96021200
400.99183600
593.61434800
610.53621400
683.07859000
689.31283600
757.70017600
758.03848800
816.04013300
819.16553500
955.25091800
959.38845000
993.16488400
995.93255400
999.03348800
1005.53997300
1010.38782100
1012.54297900
1013.93640900
1014.83429600
1068.09612800
1076.64426000
1142.40854500
1145.36678800
1220.50045400
1221.18649500
1247.46105900
1248.99703600
1356.68747900
1357.54520700
1414.20578500
1416.85738200
1475.76252700
1485.43430900
1515.16254100
1517.61543500
1569.66947600
1572.22067700
3052.15626500
3052.25545400
3054.65054300
3058.84493300
3061.61793800
3061.72553100
3072.67246600
3073.18494500
