-0.00392342
0.00182071
0.00404842
35.01377301
41.42917270
53.28834466
59.93170118
69.03014823
71.02223195
75.62377357
78.94166781
83.89214876
84.99977183
85.97241420
103.22102743
106.00799767
126.92921026
129.65132821
132.42722406
165.70369385
168.75763376
174.50585739
199.52136167
213.91191181
244.57282089
245.90812372
251.45964553
263.71567192
268.09475755
272.68912378
275.22680804
301.10412093
362.84471368
370.55453746
408.21554968
416.02072427
446.98723153
451.90191187
456.16313044
460.96219529
490.17609021
495.16425143
507.54809500
508.42070943
514.14882098
520.39939901
520.85206563
523.26341312
528.85828174
532.99175409
535.29364691
543.88879013
609.19021998
612.86539789
613.96945456
614.58090256
673.02679740
677.69528093
685.48159715
687.08606931
691.50613859
703.00540631
725.24293233
728.81858682
735.52366237
741.27793241
743.67962810
749.71359686
760.15295840
766.38035871
775.35815647
792.52402154
822.91652255
831.74923504
840.76023945
841.52166574
849.27919040
854.02542822
855.04067691
858.58372609
897.05238376
898.36768064
923.24634384
932.97682524
950.51357388
953.99444095
956.45112088
956.72191071
958.05244720
958.30615347
960.75515356
962.89779409
986.81420571
987.19652743
989.12053778
989.27407662
1070.70097700
1073.37207753
1075.06846269
1077.31562630
1134.42412521
1136.93489600
1141.75980071
1142.35191523
1152.94842547
1154.88767098
1159.28852222
1165.44572496
1236.64986158
1237.10519112
1238.56517510
1252.29527546
1266.62233981
1268.42619674
1275.53969671
1280.64327924
1303.43690165
1314.44014484
1319.04390034
1329.74827270
1338.58592562
1339.88456482
1341.66254235
1344.37298400
1401.25246204
1409.16924669
1416.28199795
1424.25585513
1466.01059129
1470.47441444
1482.47965222
1483.15963137
1488.82809025
1494.93317264
1497.46610430
1498.04030411
1590.25321159
1591.13438992
1596.82942573
1601.94982275
1606.12921962
1608.44365863
1608.99227352
1610.52131594
3054.56049903
3057.71876430
3115.23890728
3115.37789156
3116.09729228
3116.40628165
3116.63915951
3116.73562894
3116.89037535
3117.28861883
3125.70853606
3126.70910306
3127.22817722
3127.59895154
3128.10712280
3140.22183056
3140.26612665
3140.71655905
3141.00246896
3159.04917188
3165.14764766
3181.28993653
3196.59772101
3221.63280579
