-0.06257500
-0.05023100
-0.03564700
60.58032000
65.44956600
68.68388400
82.70144100
87.89787400
95.90474200
100.49834300
103.08763100
112.77273900
118.01322400
126.12311500
130.29382600
130.60111400
141.28774200
144.03105600
144.06225400
155.29436200
168.43489900
188.96813300
191.86100400
230.95249600
249.16475900
250.05970300
252.25564500
253.23438900
260.49835100
263.33038500
269.21726600
274.69997500
367.96837500
396.15205000
413.11327500
450.27180200
458.33046400
459.04129100
461.74170600
463.05527400
498.50192100
499.69285800
501.82047100
502.87947500
524.39924200
525.20534000
527.95916600
532.11222900
536.87338400
541.96063800
546.36532600
546.84715800
608.86446800
609.96592800
610.59293400
611.46939500
675.43839000
678.32681400
684.85164700
686.33955500
731.39345200
734.06927100
736.35158600
737.58852800
746.24409000
752.86013500
758.27007300
759.73616800
799.62545900
808.85554600
820.77331100
820.83524900
821.27312200
831.43974200
833.05311100
836.65362500
838.32330200
839.15124700
860.94242900
864.66605200
919.84894500
922.44665600
933.83060600
952.55414200
957.40436300
960.19497800
961.97442900
963.76975300
967.19681700
968.89355300
978.78279600
982.49601100
982.99810500
983.24394200
984.11754300
994.47481700
1081.55459800
1082.06291500
1082.47581900
1083.41537100
1135.80192900
1141.78399500
1146.77049200
1149.61118700
1158.10002400
1165.29704400
1165.94416800
1180.45439900
1246.20780800
1246.52172100
1250.91527700
1255.27839100
1275.30038200
1277.41580600
1277.60702000
1279.51030100
1299.34811900
1307.09439400
1333.19126800
1334.81873100
1337.33007600
1337.59901800
1338.37247000
1339.45550700
1400.14137900
1405.18362600
1417.52526500
1426.15648500
1469.58583600
1471.19051000
1472.42965700
1485.88781500
1489.45347700
1495.39986600
1500.94734100
1501.13380500
1591.23278000
1592.83856000
1594.02893300
1602.05298900
1607.22203100
1607.96032800
1609.40053500
1619.32553800
2987.93855600
2990.01504900
3059.68209800
3094.99402300
3116.10498700
3116.36834700
3116.46373700
3116.47140000
3120.53956400
3120.72939900
3121.11660300
3121.27032900
3124.97507000
3125.71287200
3125.78536600
3126.04515400
3127.08382100
3132.44016100
3133.14301700
3133.22040700
3133.99318600
3150.37980600
3157.79805900
3193.12226900
