-0.05980700
-0.04776300
-0.03363800
67.46660200
75.38891500
81.35193000
91.04481900
104.76714500
113.96240000
121.50334500
126.10909600
127.13827200
150.01984600
156.56299700
161.51471000
163.78182800
167.53252100
169.66546100
191.31370900
207.63418000
246.95247300
250.76810200
360.27645500
383.40568400
530.62091300
536.59963100
539.88706600
545.82290900
550.07599500
554.74071500
605.63943400
605.99501800
658.45063000
669.13580000
749.83239900
755.76278200
785.03815200
805.85044900
834.93742900
855.16026000
872.39197000
880.73487300
912.49445300
920.16099900
1011.98374100
1022.88239300
1068.88633800
1079.43272800
1088.85467500
1113.28271500
1121.65372200
1143.60668600
1167.00147800
1172.09537800
1242.91614200
1245.34275600
1278.87954800
1289.31466600
1297.04846100
1301.61625000
1309.27767200
1316.72201300
1362.43720000
1372.15541000
1401.13305600
1409.51088200
1416.53061400
1417.62859600
1712.88002700
1736.63468300
1737.69021700
1738.05211100
2957.37344300
2958.25556500
2969.46310700
2969.83129500
3006.58046100
3006.83983100
3022.18638700
3023.10718500
3311.86833100
3312.35418500
3384.65785700
3398.75088800
