-0.00368520
-0.00160717
0.00229579
32.54135568
34.99699541
46.35603216
49.07057921
52.19839815
59.19175282
61.48371672
62.81466564
63.59030353
65.84230824
67.09350289
67.94872461
71.46777206
72.81949948
75.32653737
75.39027578
77.21062844
81.06086118
82.46664986
86.12593537
86.23811814
91.99238997
96.28125402
97.41440856
100.29148846
101.51118585
104.01772660
107.04180960
108.49087956
114.23613226
114.33384911
121.53006173
122.81895087
122.95027149
126.56358461
128.55620973
130.94415892
135.52127102
139.31147864
142.79580353
143.62412173
159.92655329
162.06230680
164.60237562
168.91361092
171.33386607
173.73724966
174.37936161
175.79789864
178.64243016
178.69326122
180.86884115
180.98095221
185.26898027
186.26123561
187.12563018
189.13034620
191.15994963
194.58949691
197.11533900
199.98144304
391.36582905
392.21426592
403.14072501
404.54812880
409.60467154
411.68592455
424.63529318
425.32288202
524.21922150
525.13556873
527.71867474
528.65710286
533.49666408
537.55407373
537.78129684
540.28452352
543.97946723
546.07104212
547.81336859
549.06295219
550.02837408
550.29851235
550.74681221
551.34698285
551.36305925
552.16304743
554.55538581
554.58471743
554.72191500
554.94108641
557.21055816
557.32533266
624.03697191
624.38503382
626.33526275
626.95884856
628.97344011
629.62536642
631.93309862
632.53000400
644.24501144
644.53152209
645.95498015
646.87876422
648.68618348
649.53578807
650.74953318
651.90360542
803.61986491
804.99830352
805.29015474
807.32136180
807.99066921
808.73406638
809.88241767
810.52566009
842.55527350
843.40779171
844.59330625
845.49604747
846.10959503
846.39726548
847.10868194
847.28377588
904.39167674
904.85218965
905.01091667
908.43955944
925.15350441
925.69250973
925.73065620
926.08755667
926.88005700
927.40800026
928.49888929
930.05568136
933.73499217
934.30503225
935.23528044
939.01702980
978.47836895
979.06805196
979.38082036
980.50977217
982.25831736
982.74366456
983.24039990
984.43223627
999.19835374
999.91768204
1000.50854806
1001.76698999
1004.95260708
1005.23897826
1005.93600001
1006.68972588
1126.17493201
1127.25584821
1131.05668833
1131.77251693
1132.80181502
1133.12295844
1134.75618436
1141.55048471
1174.06204401
1174.69622776
1176.37255358
1176.46085616
1176.59743968
1184.32113033
1187.13683030
1187.23342913
1205.72145606
1205.79567847
1207.75623522
1208.70831473
1208.72518465
1209.03651033
1209.67498974
1209.97161651
1219.58418718
1223.13379484
1224.19031293
1225.14563415
1225.85227338
1226.58149119
1227.65774610
1229.73953059
1271.70241350
1272.06176120
1272.51388156
1272.88250629
1272.92278790
1276.12551720
1276.35369831
1279.01324678
1338.14063927
1341.98029770
1342.86928548
1343.31578356
1344.46366182
1345.73522790
1351.38024669
1359.64223155
1387.78523339
1387.95258174
1388.22989259
1389.33223596
1393.58470984
1393.63199622
1394.87089192
1398.88899305
1409.44656219
1410.96024074
1413.76689659
1414.28197977
1415.67267179
1417.39935473
1419.63189490
1420.80523701
1426.80047674
1427.72405559
1429.47150626
1431.37347491
1436.07296660
1437.16714286
1438.26239569
1440.59969411
1655.30791327
1655.97732654
1657.23519598
1657.98326821
1658.59258110
1665.62156440
1667.61771054
1689.88232628
1711.51914508
1730.20822205
1732.20847240
1737.66315270
1738.99007052
1739.80823601
1741.62992893
1743.59284712
2999.41301948
2999.64272584
3000.78961423
3000.85270822
3001.04660972
3001.07886831
3001.42491112
3001.45970068
3002.71030955
3003.07128255
3003.27061460
3003.43820258
3005.71277279
3005.74903172
3005.80386259
3005.97231243
3016.02498240
3016.53854700
3018.32128417
3018.56862621
3044.04470438
3044.45463384
3044.70168824
3044.85109934
3044.99970760
3045.86538143
3047.54411444
3047.82360218
3050.99281549
3060.73122851
3062.67816924
3062.80923041
3063.08506282
3063.43113796
3063.62287000
3063.72294758
3063.96307174
3064.05997695
3065.44210261
3081.99183246
