-0.05654200
-0.04615200
-0.03243100
42.41571000
58.53809000
72.54107900
89.84482100
107.60752000
121.15252000
124.03367800
127.94357100
141.98784600
150.74972400
163.80842900
166.41222900
174.28399800
190.07460700
191.70917100
208.40916700
225.72722200
232.64727800
266.28822600
283.41290700
304.31504800
350.96179200
354.24034600
383.44457100
389.24543300
488.93564500
509.30326400
512.08480200
529.90347300
579.04165400
579.68703500
587.94513700
589.58540100
654.49998300
659.40548700
699.84753000
704.06529300
719.21600200
722.86061900
736.31684900
740.41526800
808.42564500
809.16049900
850.62945200
858.11852700
881.37731200
881.44928000
943.69167800
946.91220600
967.28504600
969.60475200
1049.55077500
1065.97307400
1069.68672600
1089.40004200
1104.43871900
1104.61898200
1193.31395600
1196.72807100
1201.06346700
1215.60018500
1222.82570500
1224.81182100
1237.00312100
1256.94504600
1281.24435000
1298.26616600
1303.09387500
1304.02082500
1362.45912000
1371.14798600
1398.80465400
1398.93791000
1425.08601900
1425.13236400
1440.10944600
1449.17472100
1624.61120600
1635.31923200
1678.41259700
1695.75058000
2627.97939000
2643.79064300
2950.84873600
2959.76084600
2960.00971700
2961.19979100
3010.44707000
3011.20677300
3302.15546800
3307.77320700
3338.78391700
3340.78700200
