-0.06032000
-0.04931800
-0.03466400
61.21694000
64.24982600
65.68509900
69.60119100
79.19905100
81.11627400
95.05655200
96.75804800
97.21201500
104.92665300
108.23870000
111.67836400
114.82783400
115.57143300
122.70826300
123.39138200
129.24419000
137.46175400
138.55333200
146.72695500
150.93642600
155.29048200
172.72951200
176.22978400
186.50367300
197.73917800
218.09128700
218.62235400
224.18682200
224.95413000
236.59100600
237.98256200
242.86208000
298.30411900
303.49591600
320.24390600
323.18283300
350.11495200
353.00423400
354.43253000
355.18152900
406.75862200
411.13479700
417.39352400
423.28082400
456.91746000
457.82333900
462.85360000
467.31966300
505.30421000
507.52118000
508.16678000
509.36349000
511.54692400
513.80854200
519.81917400
521.31516400
568.12106400
572.42654800
572.83238400
577.52010100
701.79385300
704.46005800
705.85386700
708.00272600
830.58614600
831.20232700
831.45824200
834.80692600
882.63514000
884.01287700
885.33675800
886.26050700
956.05027900
956.99993400
957.31194300
957.58122800
991.88159100
994.00677400
994.51023600
996.53949500
1041.89164400
1046.06412800
1047.32879000
1048.79233600
1080.51243400
1089.41470500
1091.93861100
1100.99007000
1101.94008100
1108.41832800
1111.72082500
1117.63491100
1139.11780500
1141.13109700
1149.08153300
1152.76675700
1176.15276700
1187.84631000
1192.78805400
1209.94132100
1244.96259400
1248.29844100
1248.69676900
1254.47066600
1286.33967500
1286.50004200
1287.02738800
1289.94663300
1334.79855300
1335.30848200
1336.39054200
1338.72223000
1366.81683600
1367.23419700
1368.41269700
1370.54376300
1415.90950300
1416.12978300
1416.46530100
1417.31748500
1442.92723500
1443.21532600
1445.40895500
1446.04283300
1528.18446400
1528.53145000
1536.05013900
1540.12826200
1593.50925800
1593.55375400
1595.02770900
1595.64241800
1627.47207100
1628.67675400
1628.98344600
1629.66012300
2970.04489400
2973.84684400
2974.18854500
2974.68129900
2975.05648600
2977.57880500
2978.71453000
3002.93622500
3011.90407200
3012.32229200
3013.83594800
3017.28000300
3038.87756500
3039.65788300
3039.91694300
3040.50061200
3052.91770400
3058.23669200
3059.51898000
3063.30659400
3072.89022700
3072.94833600
3074.06062100
3074.42956300
3250.72179500
3253.76419200
3255.71364600
3258.71251000
