-0.04430900
-0.03657100
-0.02563800
25.32419200
26.78299000
32.24530400
33.17189200
35.20548500
37.86803300
39.38397000
40.60092200
42.52654600
46.64767200
47.13558000
49.77848800
52.70794800
52.93819700
53.64961200
56.44866800
59.82954100
61.13496600
62.89392800
66.66594900
66.97943000
146.10076300
147.08751900
147.86388000
149.99236500
184.90598100
185.52459500
186.16707300
188.24828200
189.83012800
190.89588200
191.03056000
193.96085600
204.44501000
204.78577200
209.45250000
209.63929000
215.56400400
217.11682100
220.51735500
222.89831500
370.66793800
371.53789900
371.96432600
372.82943000
419.05607800
419.23276400
419.90374800
420.10772200
420.67424400
420.89868000
421.05328800
422.03127400
433.09897600
433.17320700
433.82600700
433.90815600
521.22095600
521.35231000
523.38215700
523.44788200
525.25217100
526.03762800
528.36291100
528.55810300
656.72783100
656.96236300
658.49454500
659.04854200
786.71218100
790.58674500
791.45908300
794.00207700
794.53561400
795.24804000
798.73107500
801.80961500
835.82836200
837.35472700
838.71873900
840.64560000
845.44084000
845.63544100
848.38349500
849.46578400
850.50243600
851.52672000
851.66031500
852.47387900
982.39367500
983.01283700
983.92382800
985.26276400
1083.55000500
1086.69165100
1087.38224900
1087.65103000
1088.68922000
1091.02906900
1095.92433300
1096.33841400
1129.40497700
1130.67308200
1132.09227300
1132.62145600
1228.16928700
1230.15888500
1235.34373400
1236.65180700
1329.59686600
1329.89313300
1330.08275500
1330.26229400
1395.02737800
1396.58761400
1398.27779600
1398.75106800
1399.43590200
1399.85829300
1400.63125700
1401.09724300
1549.90775900
1550.32067900
1550.85984100
1552.67135100
1553.26220100
1553.48625600
1556.26565500
1558.59266200
3149.79807600
3149.85236600
3150.42929700
3150.44454000
3151.59814400
3151.63522500
3151.89607500
3151.95570400
3152.04564900
3152.48559900
3152.72872300
3152.73155700
