-0.00447827
-0.00293051
0.00488795
49.02962921
49.35161628
49.45997114
53.39111062
54.35506294
54.45377623
59.12283486
59.22932810
59.27478232
66.26816302
66.41912264
66.44098109
70.60266949
70.67837244
70.80333966
82.73366632
83.16946577
83.21653122
93.21477323
93.32284536
93.36736135
101.92607912
102.12219551
102.18731716
103.57321971
103.60805207
108.21895779
108.35037098
108.36907958
113.30098286
113.37593091
113.41112757
117.39150256
119.55586590
119.72259493
119.75366907
122.37047718
122.41458510
122.43539290
122.68118837
122.74657955
128.23207097
128.25998247
128.27032894
135.45780191
135.52211113
140.07112905
140.17947287
143.93796060
157.10197608
159.78697074
159.80512692
162.45750452
165.91560393
165.93296093
166.78569778
169.68733178
176.06994559
176.07235815
176.17260971
177.92977342
177.94952671
177.98641449
251.64958219
251.69300399
251.70749403
252.11140652
252.11603413
252.13106195
260.25850803
260.27960947
260.29148139
261.47955342
261.51589281
261.52547827
359.43127847
359.45370039
359.45577356
360.67346580
360.67997442
360.68974833
426.98322407
427.10734600
427.10953225
427.14903868
427.20724085
427.22779208
446.34818375
446.44132524
446.44582699
446.57575840
446.58892143
446.68754364
507.58026531
508.59102826
508.60756894
508.65535039
508.71090582
508.72658567
518.44675483
520.16885959
520.89676347
521.45265932
523.90922608
525.30171376
563.45163820
563.46994816
563.47428047
563.71221333
563.71542196
563.72044520
592.35497173
592.76929006
592.77062073
592.77564975
592.78717524
592.79092080
602.01390452
606.24120613
607.04037629
607.26964714
607.58081050
611.40252835
686.25468586
686.25570588
686.25901831
686.26535608
686.26545406
686.28210649
965.45717591
965.46066204
965.46119912
965.49549778
965.50175991
965.51172837
1135.99686731
1136.00778137
1136.01528239
1136.18688462
1136.18839351
1136.19691651
1263.62205541
1263.62843844
1263.63352768
1263.82849227
1263.83464515
1263.84222055
1521.82671781
1522.35515159
1522.38776743
1522.48687637
1522.49816251
1522.60837345
2229.18062203
2232.27468674
2232.27960991
2232.29158175
2232.29231851
2232.30440721
2232.47607953
2233.36354312
2233.42396141
2234.56575575
2234.73197575
2235.08991287
2238.00634249
2238.00668983
2238.04376564
2238.09172251
2238.09306054
2238.12022783
2260.87992696
2260.88427622
2260.89172208
2260.93249574
2260.93887818
2260.94787777
