-0.05704500
-0.04564500
-0.03748400
11.50590900
22.81721100
41.34107800
57.72203300
67.03069400
76.18822600
83.41233100
95.10591700
98.09698200
101.50472900
111.67381600
113.42854300
114.12874500
128.51121400
136.09257000
143.80830300
153.37577500
159.82903600
160.88424100
180.21022100
192.82670800
395.09823400
398.45169100
413.97301600
415.04953000
439.04033900
457.90963600
458.31960200
460.61631100
485.14134800
486.01038300
488.27428700
492.83889200
533.97076900
534.71611000
543.99573100
580.99291700
607.31561300
609.11150100
610.13958100
624.94125400
628.47721100
642.12319600
664.40463500
671.82788700
719.99415900
724.45035300
725.37482900
729.57669700
753.71284400
771.06465600
782.27162800
783.95865100
1063.17295800
1069.37136500
1071.25491800
1073.45798400
1083.83381500
1088.51786600
1089.48745300
1092.05042800
1338.86436000
1353.49089600
1380.07066600
1388.85861400
1464.72706300
1472.10224100
1478.00908900
1493.54697600
1590.63826900
1597.13349500
1599.81113900
1605.16324200
1614.92388600
1620.20901200
1620.90419400
1624.06194100
3189.05847100
3189.46081200
3190.97035600
3196.30878800
3230.51964000
3232.19364200
3252.21674900
3266.09783700
3318.84640500
3320.16237900
3340.46754400
3352.40979200
3454.70956800
3456.73850000
3457.87260400
3460.30339000
