-0.06039700
-0.06039700
-0.03683600
52.58309100
72.72037200
122.68444300
122.68444300
132.22145500
190.75546400
190.75546400
216.33695100
216.33695100
377.63051100
505.30308000
505.30308000
547.10735300
561.82288300
561.82288300
567.38325500
595.99372100
636.33928100
668.78520300
751.20369900
751.20369900
782.68186700
782.68186700
1003.97509800
1009.42219100
1065.09692800
1065.09692800
1127.11846500
1164.73619500
1461.62647700
1461.62647700
1492.55510400
1554.14539600
1605.93346200
1605.93346200
1621.42690500
1656.72348000
3324.64603900
3324.64603900
3352.53513500
3356.91941300
3466.09581600
3466.09581600
3467.15034900
3498.96787300
